    3    5   15
  12.011  35.453   1.000
    1    1  0.0100  0.0000  0.0000
 -0.313123  -0.002866  -0.009706
  0.145513   0.000647   0.001683
  0.055846   0.033802  -0.063761
  0.055873   0.041594   0.064065
  0.055890  -0.073177   0.007719
    1    2  0.0000  0.0100  0.0000
  0.001590  -0.496474  -0.049075
 -0.001101   0.026950   0.008104
  0.033406   0.085399  -0.080736
  0.043097   0.109172   0.121685
 -0.076992   0.274953   0.000022
    1    3  0.0000  0.0000  0.0100
  0.001564   0.037418  -0.495185
 -0.001484  -0.006769   0.026518
 -0.068598  -0.105676   0.226795
  0.063999   0.098803   0.202664
  0.004520  -0.023776   0.039208
    2    1  0.0100  0.0000  0.0000
  0.150222  -0.000331   0.008178
 -0.215658   0.000372  -0.000219
  0.023254   0.000652  -0.001108
  0.020179  -0.003596  -0.006265
  0.022004   0.002904  -0.000586
    2    2  0.0000  0.0100  0.0000
 -0.001966   0.008110  -0.005558
  0.005244  -0.003583   0.000461
  0.007748   0.000915   0.004413
  0.011223  -0.000343  -0.001461
 -0.022249  -0.005099   0.002146
    2    3  0.0000  0.0000  0.0100
  0.000857   0.020544   0.026428
 -0.000522  -0.015434  -0.029176
 -0.017762   0.000977  -0.002165
  0.016544  -0.006232  -0.000377
  0.000883   0.000145   0.005291
    3    1  0.0100  0.0000  0.0000
  0.056826   0.032235  -0.031147
  0.021927   0.008851  -0.024784
 -0.069466  -0.033233   0.058672
 -0.005296  -0.003391  -0.001270
 -0.003992  -0.004460  -0.001470
    3    2  0.0000  0.0100  0.0000
  0.032437   0.063797  -0.065520
 -0.001082   0.002075  -0.002016
 -0.033219  -0.080051   0.090201
 -0.006526   0.000343   0.008110
  0.008389   0.013837  -0.030775
    3    3  0.0000  0.0000  0.0100
 -0.066355  -0.060576   0.210578
  0.000664  -0.003650  -0.001962
  0.071331   0.091115  -0.238367
 -0.006186  -0.020689   0.023838
  0.000546  -0.006200   0.005913
    4    1  0.0100  0.0000  0.0000
  0.057188   0.032264   0.046760
  0.022938   0.013127   0.018798
 -0.005920  -0.003582  -0.001422
 -0.070030  -0.039230  -0.059918
 -0.004176  -0.002579  -0.004218
    4    2  0.0000  0.0100  0.0000
  0.040801   0.075777   0.092478
 -0.004972   0.003696  -0.000837
 -0.004599   0.005460  -0.010321
 -0.040194  -0.102086  -0.106629
  0.008964   0.017152   0.025310
    4    3  0.0000  0.0000  0.0100
  0.059868   0.087806   0.197336
 -0.002056   0.000414  -0.003762
  0.007891   0.020148   0.016160
 -0.063600  -0.108485  -0.207972
 -0.002103   0.000117  -0.001761
    5    1  0.0100  0.0000  0.0000
  0.058038  -0.017033  -0.017337
  0.019124  -0.029677   0.004703
 -0.005077  -0.005738   0.001613
 -0.003638  -0.004975   0.009489
 -0.068447   0.057422   0.001531
    5    2  0.0000  0.0100  0.0000
 -0.073380   0.198558  -0.083292
  0.002537   0.006886   0.011905
 -0.003444   0.034367   0.022718
 -0.003869   0.031044   0.010353
  0.078157  -0.270856   0.038317
    5    3  0.0000  0.0000  0.0100
  0.004714   0.028077   0.017045
 -0.000203  -0.006657   0.003873
  0.008426  -0.035093   0.005104
 -0.008494   0.008278   0.005436
 -0.004443   0.005395  -0.031458
